VAxTrials = [  -0.0129;
         0.0033;
    ];

VAyTrials = [1.4355;
        1.4543;
    ]

save datafile